100
633 94
744 3
892 10
712 1
823 3
772 5
289 65
885 57
965 51
2 97
551 71
140 74
915 30
61 39
716 10
981 68
1000 4
1000 2
950 63
824 54
103 5
312 23
2 98
1000 5
484 74
252 96
2 3
246 78
918 38
950 95
582 60
1000 95
978 10
2 4
507 14
865 23
2 2
839 51
598 42
1000 97
13 37
387 98
1000 99
871 75
319 10
635 54
492 12
289 48
758 85
2 5
758 96
285 29
2 1
177 61
958 86
30 46
728 33
1000 1
428 98
745 5
132 90
270 26
509 10
226 22
1000 98
451 5
906 56
537 11
81 39
642 34
1000 96
950 71
808 71
2 99
2 50
894 97
755 11
2 95
500 44
758 81
363 69
924 39
793 69
424 35
875 93
440 28
397 40
494 92
67 45
740 92
317 36
508 54
555 27
2 96
398 61
3 10
1000 3
838 46
355 11
779 34
